1 0.9924259259259258 0.41427777777777774 0.008361111111111296 0.013374999999999995
1 0.9988611111111111 0.39838888888888885 0.0022777777777778113 0.012541666666666628
1 0.9772314814814815 0.2900277777777778 0.00969444444444426 0.01687499999999997
1 0.9646296296296296 0.48173611111111114 0.009305555555555725 0.017458333333333402
1 0.9599722222222222 0.5300277777777778 0.008537037037036852 0.012805555555555594
1 0.9659814814814814 0.5134444444444445 0.011250000000000085 0.013374999999999995
1 0.9714166666666668 0.5692916666666666 0.008916666666666767 0.014541666666666704
1 0.9834444444444443 0.6555833333333333 0.010046296296296211 0.024444444444444477
1 0.9785462962962962 0.7091666666666667 0.020370370370370372 0.02730555555555559
1 0.9827592592592593 0.7602916666666666 0.010324074074074159 0.017930555555555668
1 0.9911851851851852 0.745625 0.010861111111111129 0.01384722222222226