1 0.05262962962962963 0.6182361111111111 0.007527777777777774 0.0049861111111111555
1 0.055351851851851853 0.4915 0.006000000000000004 0.011083333333333358
1 0.11550925925925926 0.600736111111111 0.008509259259259256 0.014458333333333288
1 0.14250000000000002 0.5332222222222223 0.007527777777777774 0.008763888888888812
1 0.11092592592592593 0.366 0.009379629629629625 0.01534722222222216
1 0.11277777777777777 0.4101111111111111 0.005675925925925922 0.006986111111111073
1 0.09243518518518519 0.4239305555555556 0.005129629629629622 0.008777777777777848
1 0.2659722222222222 0.5284722222222222 0.011018518518518497 0.013041666666666648
1 0.21650925925925926 0.6566944444444445 0.006324074074074059 0.007888888888888819
1 0.2886574074074074 0.6202777777777778 0.007962962962962984 0.012666666666666673
1 0.32819444444444446 0.46794444444444444 0.008944444444444415 0.01040277777777779
1 0.3033796296296296 0.35586111111111113 0.007740740740740754 0.012069444444444482
1 0.4309907407407408 0.44112500000000004 0.007305555555555543 0.011708333333333263
1 0.49387037037037035 0.3740277777777778 0.010472222222222171 0.016319444444444445
1 0.4540648148148148 0.2587361111111111 0.011194444444444474 0.009138888888888867
1 0.47112962962962956 0.25101388888888887 0.009898148148148146 0.014416666666666661
1 0.5079814814814815 0.24408333333333335 0.012240740740740766 0.011097222222222234
1 0.6185833333333334 0.12418055555555554 0.012361111111111028 0.012166666666666654
1 0.6989351851851852 0.16975 0.01627777777777771 0.011458333333333333
1 0.6630555555555556 0.08695833333333333 0.012666666666666725 0.014222222222222225
1 0.8185648148148148 0.09104166666666666 0.01130555555555559 0.015111111111111105
1 0.9272685185185185 0.20675000000000002 0.009796296296296228 0.010750000000000013
1 0.8745 0.8862222222222222 0.007731481481481397 0.005680555555555442